   0.0000000e+00   0.0000000e+00   0.0000000e+00
   5.0196078e-01   0.0000000e+00   0.0000000e+00
   0.0000000e+00   5.0196078e-01   0.0000000e+00
   5.0196078e-01   5.0196078e-01   0.0000000e+00
   0.0000000e+00   0.0000000e+00   5.0196078e-01
   5.0196078e-01   0.0000000e+00   5.0196078e-01
   0.0000000e+00   5.0196078e-01   5.0196078e-01
   5.0196078e-01   5.0196078e-01   5.0196078e-01
   2.5098039e-01   0.0000000e+00   0.0000000e+00
   7.5294118e-01   0.0000000e+00   0.0000000e+00
   2.5098039e-01   5.0196078e-01   0.0000000e+00
   7.5294118e-01   5.0196078e-01   0.0000000e+00
   2.5098039e-01   0.0000000e+00   5.0196078e-01
   7.5294118e-01   0.0000000e+00   5.0196078e-01
   2.5098039e-01   5.0196078e-01   5.0196078e-01
   7.5294118e-01   5.0196078e-01   5.0196078e-01
   0.0000000e+00   2.5098039e-01   0.0000000e+00
   5.0196078e-01   2.5098039e-01   0.0000000e+00
   0.0000000e+00   7.5294118e-01   0.0000000e+00
   5.0196078e-01   7.5294118e-01   0.0000000e+00
   0.0000000e+00   2.5098039e-01   5.0196078e-01
   5.0196078e-01   2.5098039e-01   5.0196078e-01
   0.0000000e+00   7.5294118e-01   5.0196078e-01
   5.0196078e-01   7.5294118e-01   5.0196078e-01
   2.5098039e-01   2.5098039e-01   0.0000000e+00
   7.5294118e-01   2.5098039e-01   0.0000000e+00
   2.5098039e-01   7.5294118e-01   0.0000000e+00
   7.5294118e-01   7.5294118e-01   0.0000000e+00
   2.5098039e-01   2.5098039e-01   5.0196078e-01
   7.5294118e-01   2.5098039e-01   5.0196078e-01
   2.5098039e-01   7.5294118e-01   5.0196078e-01
   7.5294118e-01   7.5294118e-01   5.0196078e-01
   0.0000000e+00   0.0000000e+00   2.5098039e-01
   5.0196078e-01   0.0000000e+00   2.5098039e-01
   0.0000000e+00   5.0196078e-01   2.5098039e-01
   5.0196078e-01   5.0196078e-01   2.5098039e-01
   0.0000000e+00   0.0000000e+00   7.5294118e-01
   5.0196078e-01   0.0000000e+00   7.5294118e-01
   0.0000000e+00   5.0196078e-01   7.5294118e-01
   5.0196078e-01   5.0196078e-01   7.5294118e-01
   2.5098039e-01   0.0000000e+00   2.5098039e-01
   7.5294118e-01   0.0000000e+00   2.5098039e-01
   2.5098039e-01   5.0196078e-01   2.5098039e-01
   7.5294118e-01   5.0196078e-01   2.5098039e-01
   2.5098039e-01   0.0000000e+00   7.5294118e-01
   7.5294118e-01   0.0000000e+00   7.5294118e-01
   2.5098039e-01   5.0196078e-01   7.5294118e-01
   7.5294118e-01   5.0196078e-01   7.5294118e-01
   0.0000000e+00   2.5098039e-01   2.5098039e-01
   5.0196078e-01   2.5098039e-01   2.5098039e-01
   0.0000000e+00   7.5294118e-01   2.5098039e-01
   5.0196078e-01   7.5294118e-01   2.5098039e-01
   0.0000000e+00   2.5098039e-01   7.5294118e-01
   5.0196078e-01   2.5098039e-01   7.5294118e-01
   0.0000000e+00   7.5294118e-01   7.5294118e-01
   5.0196078e-01   7.5294118e-01   7.5294118e-01
   2.5098039e-01   2.5098039e-01   2.5098039e-01
   7.5294118e-01   2.5098039e-01   2.5098039e-01
   2.5098039e-01   7.5294118e-01   2.5098039e-01
   7.5294118e-01   7.5294118e-01   2.5098039e-01
   2.5098039e-01   2.5098039e-01   7.5294118e-01
   7.5294118e-01   2.5098039e-01   7.5294118e-01
   2.5098039e-01   7.5294118e-01   7.5294118e-01
   7.5294118e-01   7.5294118e-01   7.5294118e-01
   1.2549020e-01   0.0000000e+00   0.0000000e+00
   6.2745098e-01   0.0000000e+00   0.0000000e+00
   1.2549020e-01   5.0196078e-01   0.0000000e+00
   6.2745098e-01   5.0196078e-01   0.0000000e+00
   1.2549020e-01   0.0000000e+00   5.0196078e-01
   6.2745098e-01   0.0000000e+00   5.0196078e-01
   1.2549020e-01   5.0196078e-01   5.0196078e-01
   6.2745098e-01   5.0196078e-01   5.0196078e-01
   3.7647059e-01   0.0000000e+00   0.0000000e+00
   8.7843137e-01   0.0000000e+00   0.0000000e+00
   3.7647059e-01   5.0196078e-01   0.0000000e+00
   8.7843137e-01   5.0196078e-01   0.0000000e+00
   3.7647059e-01   0.0000000e+00   5.0196078e-01
   8.7843137e-01   0.0000000e+00   5.0196078e-01
   3.7647059e-01   5.0196078e-01   5.0196078e-01
   8.7843137e-01   5.0196078e-01   5.0196078e-01
   1.2549020e-01   2.5098039e-01   0.0000000e+00
   6.2745098e-01   2.5098039e-01   0.0000000e+00
   1.2549020e-01   7.5294118e-01   0.0000000e+00
   6.2745098e-01   7.5294118e-01   0.0000000e+00
   1.2549020e-01   2.5098039e-01   5.0196078e-01
   6.2745098e-01   2.5098039e-01   5.0196078e-01
   1.2549020e-01   7.5294118e-01   5.0196078e-01
   6.2745098e-01   7.5294118e-01   5.0196078e-01
   3.7647059e-01   2.5098039e-01   0.0000000e+00
   8.7843137e-01   2.5098039e-01   0.0000000e+00
   3.7647059e-01   7.5294118e-01   0.0000000e+00
   8.7843137e-01   7.5294118e-01   0.0000000e+00
   3.7647059e-01   2.5098039e-01   5.0196078e-01
   8.7843137e-01   2.5098039e-01   5.0196078e-01
   3.7647059e-01   7.5294118e-01   5.0196078e-01
   8.7843137e-01   7.5294118e-01   5.0196078e-01
   1.2549020e-01   0.0000000e+00   2.5098039e-01
   6.2745098e-01   0.0000000e+00   2.5098039e-01
   1.2549020e-01   5.0196078e-01   2.5098039e-01
   6.2745098e-01   5.0196078e-01   2.5098039e-01
   1.2549020e-01   0.0000000e+00   7.5294118e-01
   6.2745098e-01   0.0000000e+00   7.5294118e-01
   1.2549020e-01   5.0196078e-01   7.5294118e-01
   6.2745098e-01   5.0196078e-01   7.5294118e-01
   3.7647059e-01   0.0000000e+00   2.5098039e-01
   8.7843137e-01   0.0000000e+00   2.5098039e-01
   3.7647059e-01   5.0196078e-01   2.5098039e-01
   8.7843137e-01   5.0196078e-01   2.5098039e-01
   3.7647059e-01   0.0000000e+00   7.5294118e-01
   8.7843137e-01   0.0000000e+00   7.5294118e-01
   3.7647059e-01   5.0196078e-01   7.5294118e-01
   8.7843137e-01   5.0196078e-01   7.5294118e-01
   1.2549020e-01   2.5098039e-01   2.5098039e-01
   6.2745098e-01   2.5098039e-01   2.5098039e-01
   1.2549020e-01   7.5294118e-01   2.5098039e-01
   6.2745098e-01   7.5294118e-01   2.5098039e-01
   1.2549020e-01   2.5098039e-01   7.5294118e-01
   6.2745098e-01   2.5098039e-01   7.5294118e-01
   1.2549020e-01   7.5294118e-01   7.5294118e-01
   6.2745098e-01   7.5294118e-01   7.5294118e-01
   3.7647059e-01   2.5098039e-01   2.5098039e-01
   8.7843137e-01   2.5098039e-01   2.5098039e-01
   3.7647059e-01   7.5294118e-01   2.5098039e-01
   8.7843137e-01   7.5294118e-01   2.5098039e-01
   3.7647059e-01   2.5098039e-01   7.5294118e-01
   8.7843137e-01   2.5098039e-01   7.5294118e-01
   3.7647059e-01   7.5294118e-01   7.5294118e-01
   8.7843137e-01   7.5294118e-01   7.5294118e-01
   0.0000000e+00   1.2549020e-01   0.0000000e+00
   5.0196078e-01   1.2549020e-01   0.0000000e+00
   0.0000000e+00   6.2745098e-01   0.0000000e+00
   5.0196078e-01   6.2745098e-01   0.0000000e+00
   0.0000000e+00   1.2549020e-01   5.0196078e-01
   5.0196078e-01   1.2549020e-01   5.0196078e-01
   0.0000000e+00   6.2745098e-01   5.0196078e-01
   5.0196078e-01   6.2745098e-01   5.0196078e-01
   2.5098039e-01   1.2549020e-01   0.0000000e+00
   7.5294118e-01   1.2549020e-01   0.0000000e+00
   2.5098039e-01   6.2745098e-01   0.0000000e+00
   7.5294118e-01   6.2745098e-01   0.0000000e+00
   2.5098039e-01   1.2549020e-01   5.0196078e-01
   7.5294118e-01   1.2549020e-01   5.0196078e-01
   2.5098039e-01   6.2745098e-01   5.0196078e-01
   7.5294118e-01   6.2745098e-01   5.0196078e-01
   0.0000000e+00   3.7647059e-01   0.0000000e+00
   5.0196078e-01   3.7647059e-01   0.0000000e+00
   0.0000000e+00   8.7843137e-01   0.0000000e+00
   5.0196078e-01   8.7843137e-01   0.0000000e+00
   0.0000000e+00   3.7647059e-01   5.0196078e-01
   5.0196078e-01   3.7647059e-01   5.0196078e-01
   0.0000000e+00   8.7843137e-01   5.0196078e-01
   5.0196078e-01   8.7843137e-01   5.0196078e-01
   2.5098039e-01   3.7647059e-01   0.0000000e+00
   7.5294118e-01   3.7647059e-01   0.0000000e+00
   2.5098039e-01   8.7843137e-01   0.0000000e+00
   7.5294118e-01   8.7843137e-01   0.0000000e+00
   2.5098039e-01   3.7647059e-01   5.0196078e-01
   7.5294118e-01   3.7647059e-01   5.0196078e-01
   2.5098039e-01   8.7843137e-01   5.0196078e-01
   7.5294118e-01   8.7843137e-01   5.0196078e-01
   0.0000000e+00   1.2549020e-01   2.5098039e-01
   5.0196078e-01   1.2549020e-01   2.5098039e-01
   0.0000000e+00   6.2745098e-01   2.5098039e-01
   5.0196078e-01   6.2745098e-01   2.5098039e-01
   0.0000000e+00   1.2549020e-01   7.5294118e-01
   5.0196078e-01   1.2549020e-01   7.5294118e-01
   0.0000000e+00   6.2745098e-01   7.5294118e-01
   5.0196078e-01   6.2745098e-01   7.5294118e-01
   2.5098039e-01   1.2549020e-01   2.5098039e-01
   7.5294118e-01   1.2549020e-01   2.5098039e-01
   2.5098039e-01   6.2745098e-01   2.5098039e-01
   7.5294118e-01   6.2745098e-01   2.5098039e-01
   2.5098039e-01   1.2549020e-01   7.5294118e-01
   7.5294118e-01   1.2549020e-01   7.5294118e-01
   2.5098039e-01   6.2745098e-01   7.5294118e-01
   7.5294118e-01   6.2745098e-01   7.5294118e-01
   0.0000000e+00   3.7647059e-01   2.5098039e-01
   5.0196078e-01   3.7647059e-01   2.5098039e-01
   0.0000000e+00   8.7843137e-01   2.5098039e-01
   5.0196078e-01   8.7843137e-01   2.5098039e-01
   0.0000000e+00   3.7647059e-01   7.5294118e-01
   5.0196078e-01   3.7647059e-01   7.5294118e-01
   0.0000000e+00   8.7843137e-01   7.5294118e-01
   5.0196078e-01   8.7843137e-01   7.5294118e-01
   2.5098039e-01   3.7647059e-01   2.5098039e-01
   7.5294118e-01   3.7647059e-01   2.5098039e-01
   2.5098039e-01   8.7843137e-01   2.5098039e-01
   7.5294118e-01   8.7843137e-01   2.5098039e-01
   2.5098039e-01   3.7647059e-01   7.5294118e-01
   7.5294118e-01   3.7647059e-01   7.5294118e-01
   2.5098039e-01   8.7843137e-01   7.5294118e-01
   7.5294118e-01   8.7843137e-01   7.5294118e-01
   1.2549020e-01   1.2549020e-01   0.0000000e+00
   6.2745098e-01   1.2549020e-01   0.0000000e+00
   1.2549020e-01   6.2745098e-01   0.0000000e+00
   6.2745098e-01   6.2745098e-01   0.0000000e+00
   1.2549020e-01   1.2549020e-01   5.0196078e-01
   6.2745098e-01   1.2549020e-01   5.0196078e-01
   1.2549020e-01   6.2745098e-01   5.0196078e-01
   6.2745098e-01   6.2745098e-01   5.0196078e-01
   3.7647059e-01   1.2549020e-01   0.0000000e+00
   8.7843137e-01   1.2549020e-01   0.0000000e+00
   3.7647059e-01   6.2745098e-01   0.0000000e+00
   8.7843137e-01   6.2745098e-01   0.0000000e+00
   3.7647059e-01   1.2549020e-01   5.0196078e-01
   8.7843137e-01   1.2549020e-01   5.0196078e-01
   3.7647059e-01   6.2745098e-01   5.0196078e-01
   8.7843137e-01   6.2745098e-01   5.0196078e-01
   1.2549020e-01   3.7647059e-01   0.0000000e+00
   6.2745098e-01   3.7647059e-01   0.0000000e+00
   1.2549020e-01   8.7843137e-01   0.0000000e+00
   6.2745098e-01   8.7843137e-01   0.0000000e+00
   1.2549020e-01   3.7647059e-01   5.0196078e-01
   6.2745098e-01   3.7647059e-01   5.0196078e-01
   1.2549020e-01   8.7843137e-01   5.0196078e-01
   6.2745098e-01   8.7843137e-01   5.0196078e-01
   3.7647059e-01   3.7647059e-01   0.0000000e+00
   8.7843137e-01   3.7647059e-01   0.0000000e+00
   3.7647059e-01   8.7843137e-01   0.0000000e+00
   8.7843137e-01   8.7843137e-01   0.0000000e+00
   3.7647059e-01   3.7647059e-01   5.0196078e-01
   8.7843137e-01   3.7647059e-01   5.0196078e-01
   3.7647059e-01   8.7843137e-01   5.0196078e-01
   8.7843137e-01   8.7843137e-01   5.0196078e-01
   1.2549020e-01   1.2549020e-01   2.5098039e-01
   6.2745098e-01   1.2549020e-01   2.5098039e-01
   1.2549020e-01   6.2745098e-01   2.5098039e-01
   6.2745098e-01   6.2745098e-01   2.5098039e-01
   1.2549020e-01   1.2549020e-01   7.5294118e-01
   6.2745098e-01   1.2549020e-01   7.5294118e-01
   1.2549020e-01   6.2745098e-01   7.5294118e-01
   6.2745098e-01   6.2745098e-01   7.5294118e-01
   3.7647059e-01   1.2549020e-01   2.5098039e-01
   8.7843137e-01   1.2549020e-01   2.5098039e-01
   3.7647059e-01   6.2745098e-01   2.5098039e-01
   8.7843137e-01   6.2745098e-01   2.5098039e-01
   3.7647059e-01   1.2549020e-01   7.5294118e-01
   8.7843137e-01   1.2549020e-01   7.5294118e-01
   3.7647059e-01   6.2745098e-01   7.5294118e-01
   8.7843137e-01   6.2745098e-01   7.5294118e-01
   1.2549020e-01   3.7647059e-01   2.5098039e-01
   6.2745098e-01   3.7647059e-01   2.5098039e-01
   1.2549020e-01   8.7843137e-01   2.5098039e-01
   6.2745098e-01   8.7843137e-01   2.5098039e-01
   1.2549020e-01   3.7647059e-01   7.5294118e-01
   6.2745098e-01   3.7647059e-01   7.5294118e-01
   1.2549020e-01   8.7843137e-01   7.5294118e-01
   6.2745098e-01   8.7843137e-01   7.5294118e-01
   3.7647059e-01   3.7647059e-01   2.5098039e-01
   8.7843137e-01   3.7647059e-01   2.5098039e-01
   3.7647059e-01   8.7843137e-01   2.5098039e-01
   8.7843137e-01   8.7843137e-01   2.5098039e-01
   3.7647059e-01   3.7647059e-01   7.5294118e-01
   8.7843137e-01   3.7647059e-01   7.5294118e-01
   3.7647059e-01   8.7843137e-01   7.5294118e-01
   8.7843137e-01   8.7843137e-01   7.5294118e-01
